3 26
4 194
5 544
6 1244
17 2085
20 2322
30 3382
31 4114
32 4355
33 4592
34 4962
35 5163
36 5362
37 5543
42 5769
46 5808
47 5985
48 6715
49 6834
50 6974
51 7114
53 7254
54 7690
55 8337
56 8986
57 9617
58 9907
59 10622
60 17382
61 18079
62 20904
63 21809
64 21964
65 22346
67 22500
68 22766
69 23111
70 23476
71 24255
72 24451
73 25071
74 25307
75 25629
76 26311
77 26517
78 26697
79 26914
80 27143
81 27368
82 27582
83 27801
84 28037
85 28145
86 28310
87 31423
88 32091
89 32301
90 33804
91 34853
92 37407
93 38543
94 40632
95 40958
96 41187
97 41625
98 42054
99 42505
100 42777
101 43158
102 44091
103 44593
104 44948
105 45425
106 45884
107 46209
108 47029
109 47142
110 47346
111 48286
112 48490
113 48661
114 49125
115 49518
116 50710
117 51045
118 51779
120 52634
121 52935
122 53460
123 55214
124 60056
126 60217
130 60513
131 60691
132 61084
133 61424
134 61731
135 62292
136 63552
137 65017
138 65465
139 65993
140 66944
141 67316
142 68028
143 68407
144 69126
145 69282
146 69728
147 70069
148 70421
149 70686
151 70895
152 71212
154 71571
161 71704
162 72013
164 72398
165 72916
167 73399
168 73498
169 73770
170 73995
173 74223
174 74382
207 74551
208 74655
209 74841
210 74993
211 75263
212 76572
213 78588
214 78910
215 79171
216 80135
217 80580
244 80841
245 96280
246 98788
247 99531
248 100606
249 103152
250 119847
251 130670
252 131152
253 131557
254 132313
255 132929
256 133207
257 133679
258 133901
263 134314
269 134665
270 135024
271 135394
272 136344
273 136610
274 137696
275 137872
276 138019
277 138574
278 138697
279 138996
280 139184
281 139450
282 139581
283 140040
284 140434
285 141227
286 142513
287 143362
288 143645
289 143846
290 144228
291 144859
292 146105
293 146875
294 147344
295 147701
296 147904
297 148150
323 148342
324 148929
325 149458
326 149993
327 150372
328 150887
329 151443
330 152276
331 152469
343 152769
344 153047
345 154954
346 163980
347 167137
348 167350
349 168559
350 169565
351 176841
352 208840
353 209185
354 209899
355 210703
356 212194
357 216503
358 216754
359 219035
360 222606
361 222924
365 226249
366 226836
367 228621
368 229096
369 229129
370 229904
371 232089
372 232377
375 233192
376 233549
377 233842
378 234149
379 234462
381 234797
382 237160
383 237398
384 238023
385 239032
387 239313
394 239563
395 240166
396 240469
397 240630
398 240791
399 243771
400 246448
401 247412
402 247791
404 248039
405 248122
411 248248
412 248455
413 249234
414 249426
415 249632
416 249775
417 249997
418 250280
421 250476
422 250697
423 251062
424 251563
431 251940
432 252909
433 254036
434 263610
435 274192
436 274492
437 274716
438 275102
439 275294
440 275575
441 275908
442 276165
443 276465
444 276678
445 276877
446 277113
447 277535
448 277897
449 278938
450 279161
451 279584
452 279971
453 280624
454 281043
455 281405
456 281626
457 281974
458 282248
459 282600
460 282891
462 283352
464 284733
465 285396
466 285761
467 286162
468 286577
471 286728
472 287052
473 287185
474 287315
475 287452
476 287601
477 288645
478 296641
479 297804
480 298699
481 299145
482 299521
483 300017
484 300363
485 300774
486 301122
487 301262
488 301511
489 301707
490 302365
491 302645
492 302801
530 302966
531 305784
532 305979
533 306712
537 307742
538 307903
539 308129
540 308319
541 309713
542 310067
543 326910
544 341150
545 352233
546 362501
548 373156
551 373855
552 383644
573 393380
574 397108
