3 26
4 194
5 544
6 1244
17 2085
20 2322
30 3382
31 4114
32 4355
33 4592
34 4962
35 5163
36 5362
37 5543
42 5769
46 5808
47 5985
48 6715
49 6834
50 6974
51 7114
53 7254
54 7690
55 8337
56 8986
57 9617
58 9907
59 10622
60 17382
61 18079
62 20904
63 21809
64 21964
65 22346
67 22500
68 22766
69 23111
70 23476
71 24255
72 24451
73 25071
74 25307
75 25629
76 26311
77 26517
78 26697
79 26914
80 27143
81 27368
82 27582
83 27801
84 28037
85 28145
86 28310
87 31423
88 32091
89 32301
90 33804
91 34853
92 37407
93 38543
94 40632
95 40958
96 41187
97 41625
98 42054
99 42505
100 42777
101 43158
102 44091
103 44593
104 44948
105 45425
106 45884
107 46209
108 47029
109 47142
110 47346
111 48286
112 48490
113 48661
114 49125
115 49518
116 50710
117 51045
118 51779
120 52634
121 52935
122 53460
123 55214
124 60056
126 60217
130 60513
131 60691
132 61084
133 61424
134 61731
135 62292
136 63552
137 65017
138 65465
139 65993
140 66944
141 67316
142 68028
143 68407
144 69126
145 69282
146 69728
147 70069
148 70421
149 70686
151 70895
152 71212
154 71571
161 71704
162 72013
164 72398
165 72916
167 73399
168 73498
169 73770
170 73995
173 74223
174 74382
207 74551
208 74655
209 74841
210 74993
211 75263
212 76572
213 78588
214 78910
215 79171
216 80135
217 80580
244 80841
245 96280
246 98788
247 99531
248 100614
249 103160
250 119865
251 130688
252 131170
253 131575
254 132331
255 132947
256 133225
257 133697
258 133919
263 134332
269 134683
270 135042
271 135412
272 136362
273 136628
274 137714
275 137890
276 138037
277 138592
278 138715
279 139014
280 139202
281 139468
282 139599
283 140058
284 140452
285 141245
286 142531
287 143380
288 143663
289 143864
290 144246
291 144877
292 146123
293 146893
294 147362
295 147719
296 147922
297 148168
323 148360
324 148947
325 149476
326 150011
327 150390
328 150905
329 151461
330 152294
331 152487
343 152787
344 153065
345 154972
346 163998
347 167155
348 167368
349 168577
350 169583
351 173178
352 205177
353 205484
354 206198
355 207002
356 208493
357 212802
358 213053
359 215334
360 218905
361 219223
365 222548
366 223135
367 224920
368 225395
369 225428
370 226203
371 228388
372 228676
375 229491
376 229848
377 230141
378 230448
379 230761
381 231096
382 233459
383 233697
384 234322
385 235331
387 235612
394 235862
395 236465
396 236768
397 236929
398 237090
399 240070
400 240105
401 241069
402 241448
404 241696
405 241779
411 241905
412 242112
413 242891
414 243083
415 243289
416 243432
417 243654
418 243937
421 244133
422 244354
423 244719
424 245220
431 245597
432 246566
433 247693
434 257267
435 267849
436 268149
437 268373
438 268759
439 268951
440 269232
441 269565
442 269822
443 270122
444 270335
445 270534
446 270770
447 271192
448 271554
449 272595
450 272818
451 273241
452 273628
453 274191
454 274610
455 274972
456 275193
457 275541
458 275815
459 276167
460 276458
462 276829
464 278210
465 278873
466 279238
467 279639
468 280054
469 280205
471 293511
472 293835
473 293968
474 294098
475 294235
476 294384
477 295428
478 303424
479 304587
480 305482
481 305928
482 306304
483 306800
484 307146
485 307557
486 307905
487 308045
488 308294
489 308490
490 309148
491 309428
492 309584
530 309749
531 312567
532 312762
533 313495
537 314525
538 314686
539 314912
540 315102
541 316496
542 316850
543 335341
544 349581
545 360664
546 370932
548 381587
551 382286
552 392075
573 401811
574 405539
